	BM																		GVHD																																								
	Antibiotics										Control								Antibiotics																								Control													Steady State			
	TP1			TP2			TP3			TP4	TP1			TP2		TP3		TP4	TP1							TP2				TP3							TP4						TP1					TP2				TP3		TP4		TP2		TP3	Total
g__Limosilactobacillus	1.345453723	15.76530804	1.590220684	0	0	0	1.08029756	0	69.94502775	73.20958475	58.20552147	67.40232627	73.1615494	50.02213205	56.19250309	41.13455848	43.64734477	32.95631692	0.159242008	0.432469432	0	0	0.003154922	0.004508058	0	40.33918509	0	0	18.79804333	0.908189363	3.260775942	0.614241966	0.200757525	0.247348566	0.124210563	0	41.34356439	69.23618654	71.93503685	12.21043531	84.63455516	66.74744472	1.189927292	1.04901357	0.191861665	1.363051175	0.089037681	49.94607919	50.05530973	28.39988743	48.88530032	30.41058262	42.5040425	59.3874006	56.03691361	58.8908191	48.17193676	84.30221523	1557.730873
g__Enterococcus	55.76283834	42.22648752	6.431198615	42.39130435	17.62153475	73.28467153	0.113499617	0.001541212	0.00781596	0	0.057515337	0.1565762	0.117125408	0.022132055	0	0	0.022096192	0.001137876	95.79999204	96.17311222	83.80733945	77.14793601	68.73314088	47.50140877	28.91983531	2.373211964	2.279141891	15.22739827	0.0174703	0.817718392	0.077520334	0.005280017	1.912550022	0.229553705	0.309651686	1.292150751	0.004918779	0.00238729	0.003149474	0.001372345	0	0.034465303	0.079801383	6.818588203	14.08968926	31.46443515	98.31540708	0.030811893	0.029782165	0.034397573	0.125599964	0.036142836	0.011550012	0.003187302	0.025634453	0	0.015202189	0.070497004	912.0389066
g__Ligilactobacillus	0.208036542	8.02378533	21.2624405	19.52583491	5.504218562	0.041710115	0	3.356759756	24.05752547	15.74912089	0.437116564	7.396361467	10.69187652	11.99557359	0.281477413	4.391839277	9.980113427	27.77556524	1.214220311	2.131234249	0.411494873	0.075054316	0.777688388	0	0.687817874	11.5301257	0	0	5.590496157	1.080432173	1.020069153	0.052800169	0.001338384	0.21353833	0.022742779	0.002833664	57.40583613	29.04854554	27.69542486	86.3746775	15.15372061	32.29614312	95.62511084	75.691892	0.469939649	2.265851304	0.895719068	36.126945	8.436861811	65.18652866	45.30121563	23.94824346	25.47932548	11.97628647	17.70058959	6.512832279	13.29811493	4.677205065	877.0582511
g__Klebsiella	20.30843679	12.88622935	0.010817828	2.00063012	28.59783045	0.010427529	72.21857565	59.08082116	1.208868509	8.108990988	0	0	0	0.029509406	0	0	0.007365397	0	1.520761177	0.280016179	0.55990286	8.003160182	6.989730727	5.082835569	0	14.58062419	0.035698747	10.05339716	0.541579315	74.67682725	71.75060601	74.10855715	60.19513631	75.32386647	75.59699795	38.85803344	0.252087407	1.193645034	0.022046318	0.652549816	0.025362798	0.522364751	0	4.790097948	62.10974973	41.14579981	0.060545623	0	0	0.203258388	0	0	0	0.001593651	0	0	0	0	833.6053351
g__Lactobacillus	4.423037786	4.738248466	0.524664647	0	0	0	0.597582321	6.858393441	0.00260532	0.672546646	40.86656442	23.82195049	13.61582866	37.42530432	43.23767678	54.29060894	46.20313766	39.16570895	0.011943151	0	0	0	0	0.002254029	0	14.32596446	1.78493736	0.883815135	25.78616352	1.567583555	2.576628235	0.682882185	2.050403523	0.724250836	0.404121691	5.834514027	0.641900616	0.088329733	0.110231591	0.025388373	0.002205461	0.033388262	0.555062954	0.403313929	0.108073976	0.638879949	0	13.12586658	38.95507148	3.446011445	3.310456197	45.07373139	31.65858166	28.4912907	25.13030847	33.79986234	37.30997264	10.5298121	646.5170604
g__Cutibacterium	4.389118784	7.466787099	20.24556469	8.057655955	28.01928485	3.169968717	1.716168909	8.260896369	2.654821145	0.299763648	0.034509202	0.082016105	0.096210156	0.014754703	0.034326514	0	0.007365397	0.011378765	0.171185159	0.244236334	6.017269293	5.510566858	13.63557491	39.86475826	33.25260354	3.901170351	52.55190263	46.58442276	9.503843466	0.012178785	0.90194293	0.344961104	3.649771806	0.017794861	0.40762058	10.34854066	0.066403512	0.019098321	0.005249123	0.04871823	0.008821843	0.03015714	0.127682213	0.152981146	0.0085002	0.683939491	0	0.030811893	0.02552757	0.021889365	0.170457094	0	0	0.007968254	0	0.006555443	0.133019155	0.001355712	313.030071
g__unclassified_Enterobacteriaceae	9.083508582	3.319408378	0	0.40957782	5.142627561	0.010427529	22.59189367	17.42648419	0.539301253	1.36430891	0	0	0	0.014754703	0.020595908	0	0	0	0.680759584	0.080893563	0.281975175	2.65060241	1.706813055	0.710019159	0	2.660381448	1.549548746	0.055238446	0.139762404	20.32813125	19.43299413	22.0317505	15.33787491	22.97494484	22.16896135	12.39727968	0.050417481	0.312734999	0.003149474	0.131058901	0.005513652	0.136784172	0	1.28146544	17.01132955	12.70518185	0.03917658	0	0.004254595	0.021889365	0	0	0	0	0	0	0	0	236.8137752
g__Staphylococcus	1.390679058	0.748936811	0.719385547	10.75141777	2.322217758	6.652763295	0	1.203686579	0	0	0	0.022368029	0.020915251	0	0.006865303	0.003893475	0	0.005689382	0	0	0.867512142	0.815721904	5.803479879	0.473346106	4.892225721	1.376246207	5.717377481	5.431780519	0	0.250534997	0.125509112	0.376641205	0.488509978	0.019574347	0.129458897	2.836497591	0.003689084	0.010742805	0	0.216830433	0.008821843	0.008616326	0.033693917	0.019867681	0.001214314	0.020920502	0.001780754	0.030811893	0.03403676	0	0.022428565	0	0	0.003187302	0.012817226	0.006555443	0.057008209	0.001355712	53.94761311
g__Corynebacterium	2.057752753	0	16.65945478	0	7.231820008	6.590198123	0	0	0.250110726	0	0.023006135	0.022368029	0	0	0.109844844	0.003893475	0	0	0	0.05444759	0	0.562907367	0.009464767	0	0.319689998	1.13242306	2.756612635	0.86540232	0	0	0.054141185	0.283360907	0	0	0	6.945310286	0	0	0	0	0	0	0	0.007947072	0.009714515	0.067589314	0	0	0	0	0	0	0	0	0	0.003277721	0	0	46.02073761
g__Aridibacter	0	0	0	0	0	0	0	0	0	0	0	0	0	0	0	0	0	0	0	0	0	0	0	0	0	0	0	0	34.95807128	0	0	0	0	0	0	0	0	0	0	0	0	0	0	0	0	0	0	0	0	0	0	0	0	0	0	0	0	0	34.95807128
g__Mammaliicoccus	0.097234471	0.139249558	0	0	0	0	0	0	0	0.001921562	0.003834356	0.082016105	0.121308458	0.092216894	0.006865303	0.007786949	0.029461589	0	0.39412397	0.332908124	1.435509984	0.003950227	0	0	0	2.11313394	0	0.018412815	0	0.03827618	0	0	0	0	0	0	0.003689084	0	0	0	0	0	2.22557191	7.25567719	5.794708018	8.773736724	0.592990954	0.09243568	0.059564329	2.007567466	1.718028081	0.007228567	0	0.023904763	0.303341024	0.003277721	0	0	33.779932
g__unidentified	0.045225335	0.022581009	9.205971441	0	0.096424267	0	0.192812603	0.171074533	0.00521064	0.011529371	0.019171779	0.551744706	1.33857609	0.165990409	0.034326514	0.003893475	0	0	0.001990525	0.001555645	0	0.130357496	0.018929535	0.036064465	1.685638169	1.137841352	0.438425239	0.036825631	4.664570231	0.207039337	0.436820928	0.195360625	0.314520123	0.211758844	0.213432235	1.802210258	0	0.001193645	0	0.001372345	0	0.002154081	0.014186913	0.355631494	0.171218322	0.21081429	0	0.015405947	0.178692988	0.078176303	0	0	0.023100023	0.004780953	0.42296847	0.278606313	0.611888112	0.13421545	25.90227846
g__Noviherbaspirillum	0	0	0	0	0	0	0	0	0	0	0	0	0	0	0	0	0	0	0	0	0	0	0	0	0	0	5.111614364	0	0	0	0	0	15.77017279	0	0	0	0	0	0	0	0	0	0	0	0	0	0	0	0	0	0	0	0	0	0	0	0	0	20.88178715
g__Streptococcus	0	3.511346957	5.441367373	0.630119723	0	0	0	0.001541212	0	0	0.038343558	0	0	0	0	0	0	0	0	0.015556454	0.056664868	0	0	1.582328412	7.742794866	0	0.323519896	0.368256306	0	0.113088714	0	0	0	0.007117944	0.069977782	0	0	0	0	0	0	0.03015714	0	0	0	0.033794657	0	0	0	0	0.004485713	0	0	0	0	0	0	0.001355712	19.97181729
g__Paracoccus	0	0	0	14.03591682	0	0	1.118586588	0	0.01563192	0.267097097	0	0	0	0	0	0	0.007365397	0.001137876	0	0.024890327	0	0.286391468	1.747827047	0.531950862	0	0	0.90585571	0	0	0	0	0.308000986	0	0.030251263	0	0	0	0.00477458	0	0.009606412	0	0.003231122	0	0	0	0.004827808	0	0	0	0	0	0	0	0	0.025634453	0	0	0	19.32897774
g__Pseudomonas	0	0	0	0	0	0	0	0.040071512	0	0	0.088190184	0.096928124	0.008366101	0	0.006865303	0	0	0	0	0	0	0	0.001577461	0	0	0.070437798	4.48911746	0	0	0	0	0.007040023	0	0	0.316649464	12.64380844	0	0.005968225	0	0	0	0.012924489	0	0	0	0.074026392	0	0	0	0	0	0	0	0	0	0	0	0	17.86197098
g__Cloacibacterium	0	0	11.32085677	0	0	0	0.370583087	0.428456939	0	0	0.026840491	0	0	0	0.020595908	0	0	0	0	0	0	0.264665218	0	0	0.014531364	0	0	0	0	0	0	0	0	0	0	0	0	0.003580935	0.001049825	0	0	0	0	0	0.004857257	0.10621178	0	0	0	0	0	0	0	0	0	0	0	0	12.56222958
g__Halopseudomonas	0.208036542	0	0	0	0	0	0	0.123296961	0	0	0	0	0.020915251	0	0	0	0	0	0	0	0	1.412206202	0	0	1.913296198	0.081274382	1.574091634	6.278770024	0	0	0	0.001760006	0.048181806	0	0.013995556	0.328705016	0	0	0	0	0	0.028003059	0.001773364	0.013907377	0	0	0	0	0	0.015635261	0	0	0	0.001593651	0	0	0	0.004067135	12.06950942
g__Brevundimonas	0	0	0	0	0	0	0	1.422538684	0	0	0	0	0	0	0	0	0	0	0	0	0	0	0	0.065366843	2.707677404	0	0.146141746	6.6102007	0	0	0.007382889	0	0	0	0	0	0	0	0	0	0	0	0	0	0	0.006437078	0	0	0	0	0	0	0	0	0	0	0	0	10.96574534
g__Kocuria	0.081405603	0	0	0	0	4.17101147	0	0	0	0	0	0	0	0	0	0	0.007365397	0.005689382	0	0	0	0.928303377	0.018929535	0	2.613223541	0	1.897611531	0	0	0	0	0.010560034	0	0	0	0	0	0	0	0.062441675	0	0	0.003546728	0.015894145	0	0.012874155	0	0	0	0	0	0	0	0	0	0	0.003800547	0	9.832657122
g__Micrococcus	0	0	0	0	0	0	0	0	0	0	0	0	0	0	0	0	0	0	0	0	1.369400971	0	0	0.081145047	4.197142165	0	1.24722498	0	0	0	0	0	0	0	0.013995556	0.286200057	0	0	0	0	0	0	0	0	0	0	0	0	0	0	0	0	0	0	0	0	0.007601095	0	7.202709871
g__Faecalibaculum	0	0	0	0	2.997187626	0	0	0	0	0	0	0	0.020915251	0	0	0	0	0	0	0	0	0	0	0	0	0	0	0	0	0	0	0	0	0	0	0	0	0	0	0	0	0	0.001773364	1.100669541	0.023071972	0.030576118	0	0.261901094	1.961368278	0.015635261	0.022428565	0.159028481	0.011550012	0	0	0	0.003800547	0	6.609906109
g__Salinicoccus	0	0	0	0	0	6.058394161	0	0	0	0	0	0	0	0	0	0	0	0	0	0	0	0	0	0	0	0	0	0	0	0	0	0	0	0	0	0	0	0	0	0	0	0	0	0	0	0	0	0	0	0	0	0	0	0	0	0	0	0	6.058394161
g__Pseudoxanthomonas	0	0	0	0	0	0	0	0	0	0	0	0	0	0	0	0	0	0	0	0	0	0	0	0	0	0	0	5.542257411	0	0	0	0	0	0	0	0	0	0	0	0	0	0	0	0	0	0	0	0	0	0	0	0	0	0	0	0	0	0	5.542257411
g__Acinetobacter	0	0	0	0	0	0	0	1.086554466	0	0	0.011503067	0.014912019	0	0	0	0	0	0	0	0	2.155963303	0	0	0	0	1.766363242	0.123830029	0.018412815	0	0	0	0	0	0	0.052483337	0	0	0	0	0	0	0	0	0	0	0.10621178	0	0	0	0	0	0	0	0	0	0	0	0	5.336234059
g__unclassified_Lachnospiraceae	0	0	0.146040675	0	0	0	0	0	0	0	0.003834356	0.029824038	0.464318581	0.029509406	0	0.019467373	0	0	0.021895776	0	0	1.546513925	0	0	0	1.755526658	0	0	0	0	0.054141185	0	0	0	0	0	0.003689084	0	0.001049825	0	0.00110273	0	0.00886682	0.03178829	0	0.004827808	0.005342261	0	0.102110279	0.034397573	0	0.003614284	0	0	0.119627446	0.249106821	0.182426269	0.109812641	4.928834105
g__Microbacterium	0	0	0	0	0	0	0	0	0	0.226744298	0	0	0	0	0	0	0	0	0	0	0	0	0	0	0	0	4.691038499	0	0	0	0	0	0	0	0	0	0	0	0	0	0	0	0	0	0	0.003218539	0	0	0	0	0	0	0	0	0	0	0	0	4.921001335
g__Peptoniphilus	0	0	0	0	0	0	0	0	0	0	0	0	0	0	0	0	0	0	0	0	0	0	0	0	4.800193752	0	0	0	0	0	0	0	0	0	0	0	0	0	0	0.023329857	0.00110273	0	0	0	0	0	0	0	0	0	0	0	0	0	0	0	0	0	4.824626339
g__Nocardioides	0	0	0	0	0	0	0	0	0	0	0	0	0	0	0.006865303	0	0	0	0	0	0	0	0	0	0	0	3.626769598	0	0	0	0	0	0	0	0	0.731085293	0	0	0	0	0	0	0	0	0	0.019311233	0	0	0	0	0	0	0	0	0	0	0	0	4.384031427
g__Haemophilus	0	0	0.378623972	0.417454316	0	0	0	0	0	0	0.080521472	0	0	0	0	0	0	0	0	0	0.047220723	0	0	0.48912431	1.249697263	0	0	1.509850856	0	0	0.040605889	0	0	0	0.013995556	0	0.001229695	0	0	0	0	0	0	0	0	0.001609269	0	0	0.012763785	0	0.004485713	0	0	0	0	0	0	0	4.247182821
g__Anaerococcus	0	0	0	0	0	0	0	0	0	0	0	0	0	0	0	0	0	0	0	0	0	0	0	0	2.395253088	0	0	0	0	0	0	0	0.001338384	0	0	1.16180221	0.001229695	0	0	0	0	0	0	0	0	0	0	0	0	0	0	0	0	0	0	0	0	0	3.559623376
g__unclassified_Lactobacillaceae	0	0	0	0	0	0	0	0	0	0.005764686	0.003834356	0.059648076	0.096210156	0.136481003	0	0.144058558	0.088384768	0.06485896	0	0	0	0	0	0	0	0	0	0	0	0	0	0	0	0	0	0	0.191832368	0.058488607	0.207865286	0.017154306	0.15438225	0.092625502	0.042560738	0.005960304	0	0	0	0.292712987	0.089346494	0.472184871	0.156999955	0.350585514	0.311850312	0.095619054	0.098265402	0.088498476	0.102614777	0.070497004	3.499284772
g__Pseudaeromonas	0	0	3.413024665	0	0	0	0	0	0	0	0	0	0	0	0	0	0	0	0	0	0	0	0	0	0	0	0	0	0	0	0	0	0	0	0	0	0	0	0	0	0	0	0	0	0	0	0	0	0	0	0	0	0	0	0	0	0	0	3.413024665
g__Chryseobacterium	0	0	0	0	0	0	0	0	0	0	0.003834356	0	0	0	0.006865303	0	0	0	0	0.090227435	0.39125742	0	0	0.114955483	0	0	2.138578074	0	0	0	0	0	0	0	0	0.498724851	0	0	0	0	0	0	0	0	0.001214314	0.006437078	0	0	0	0	0	0	0	0	0	0	0	0	3.252094315
g__Devosia	0	0	0	0	0	0	0	0	0	0	0	0	0	0	0	0	0	0	0	0	0	0	0	0	0	0	2.473253829	0	0	0	0	0	0	0	0	0	0	0	0	0	0	0	0	0	0	0	0	0	0	0	0	0	0	0	0	0	0	0	2.473253829
g__Dialister	0	0	0	0	2.466854158	0	0	0	0	0	0	0	0	0	0	0	0	0	0	0	0	0	0	0	0	0	0	0	0	0	0	0	0	0	0	0	0	0	0	0	0	0	0	0	0	0	0	0	0	0	0	0	0	0	0	0	0	0	2.466854158
g__Comamonas	0	0	0	0	0	0	0	0	0	0	0	0	0	0	0	0	0	0	0	0	0	0	0	0.788910177	0	0	0	0	0	0	0	0	0	0	0	1.425332956	0	0	0	0	0	0	0	0	0	0.006437078	0	0	0	0	0	0	0	0	0	0	0	0	2.22068021
g__Finegoldia	0	0.477964698	0	0	0	0	0	0	0.085975562	0	0	0	0	0	0	0	0	0	0	0	0.522126282	0	0	1.113490364	0	0	0	0	0	0	0	0	0	0	0	0	0	0	0	0	0	0	0	0	0	0	0	0	0	0	0	0	0	0	0	0	0	0	2.199556906
g__Leucothrix	0	0	0	0	0	0	0	0	0.898835422	0.078784036	0	0	0	0	0	0	0	0	0	0	0	0.005925341	0	1.036853375	0	0	0	0	0	0	0	0	0	0	0.045485558	0	0.001229695	0	0	0	0	0	0	0	0	0	0	0	0	0	0	0	0	0	0	0	0	0	2.067113427
g__Roseomonas	0	0	0	0	0	0	0	0	0	0	0	0	0	0	0	0	0	0	0	0	0	0	0	0	0	0	0	0	0	0	0	0	0	0	0	1.921224143	0	0	0	0	0	0	0	0	0	0	0	0	0	0	0	0	0	0	0	0	0	0	1.921224143
g__Tepidimonas	0	0	0.059498053	1.780088217	0	0	0	0	0	0	0	0	0	0	0	0	0	0	0	0	0	0	0	0	0	0	0	0	0	0	0	0	0	0	0.005248334	0	0	0	0	0	0	0	0	0	0	0	0	0	0	0	0	0	0	0	0	0	0	0	1.844834603
g__Brochothrix	0	0	0	0	0	0	0	0	0	0	0	0	0	0	0	0	0	0	0	0	1.645979493	0	0	0	0	0	0	0	0	0	0	0	0	0	0	0	0	0	0	0	0	0	0	0	0	0	0	0	0	0	0	0	0	0	0	0	0	0	1.645979493
g__Brevibacterium	0	0	0	0	0	0	0	0	0	0	0	0	0	0	0	0	0	0	0	0	0.066109012	0	0	0	1.462823928	0	0	0	0	0	0	0	0	0	0	0	0	0	0	0	0	0	0	0	0	0	0	0	0	0	0	0	0	0	0	0	0	0	1.528932941
g__Blastococcus	0	0	0	0	0	0	0	0	0	0	0	0	0	0	0	0	0	0	0	0	0	0	0	0	0	0	0.999564922	0	0	0	0	0	0	0	0	0	0	0	0	0	0	0	0	0	0	0	0	0	0	0	0.26914278	0	0	0	0	0	0	0	1.268707702
g__Lawsonella	0	0.003763502	0	0	0	0	0	0	0	0	0	0.029824038	0	0	0	0	0	0.001137876	0	0	0	0.077029429	0	0.180322326	0.56187939	0	0.330213412	0	0	0	0	0.001760006	0	0	0	0	0	0	0	0.037053302	0.00110273	0	0.001773364	0	0	0.012874155	0	0	0	0	0	0	0	0	0	0	0	0	1.23873353
g__Rubellimicrobium	0	0	1.125054089	0	0	0	0	0	0	0	0	0	0	0	0	0	0	0	0	0	0	0	0	0	0	0	0	0	0	0	0	0	0	0	0	0	0	0	0	0	0	0	0	0	0	0	0	0	0	0	0	0	0	0	0	0	0	0	1.125054089
g__Oerskovia	0	0	0	0	0	0	0	0	0	0	0	0	0	0	0	0	0	0	0	0	0	0	0	0	0	0	1.068731244	0	0	0	0	0	0	0	0	0	0	0	0	0	0	0	0	0	0	0	0	0	0	0	0	0	0	0	0	0.003277721	0	0	1.072008966
g__Xanthomonas	0	0	0	0	0	0	0	0	0.078159602	0	0	0	0	0.011066027	0.006865303	0	0	0	0	0	0	0	0.011042229	0	0	0	0	0	0	0	0	0	0	0	0	0.68574667	0	0	0.001049825	0.129686557	0.002205461	0.004308163	0	0	0	0.032185388	0	0	0	0.006254104	0	0	0	0	0	0	0	0	0.968569328
g__Methylobacterium	0	0	0.919515361	0	0	0	0	0	0	0	0	0	0	0	0	0	0	0	0	0	0	0	0	0	0	0	0	0	0	0	0	0	0	0	0	0	0	0	0	0	0	0	0	0	0	0	0	0	0	0	0	0	0	0	0	0	0	0	0.919515361
g__Sphingopyxis	0	0	0	0	0	0	0	0	0.028658521	0.003843124	0	0	0	0	0	0	0	0.006827259	0	0	0	0	0.0772956	0	0	0	0.198574281	0.515558829	0	0	0	0	0	0	0.027991113	0	0	0	0.005249123	0	0	0.017232652	0	0	0	0	0	0	0	0	0.008971426	0	0	0	0	0	0	0	0.890201928
g__Porphyromonas	0	0	0	0	0	0	0	0	0	0	0	0	0	0	0	0	0	0	0	0	0	0	0	0	0	0.850671868	0	0	0	0	0	0	0	0	0	0	0	0	0	0	0	0	0	0	0	0	0	0	0	0	0	0	0	0	0	0	0	0	0.850671868
g__Thomasclavelia	0	0	0	0	0	0	0	0	0	0	0	0	0	0	0	0	0	0	0	0	0	0	0	0	0	0	0.107096242	0	0	0	0	0	0	0	0	0	0.001229695	0	0	0	0	0	0.015960277	0.67748793	0.004857257	0.003218539	0	0	0.00850919	0	0	0	0	0.001593651	0.004272409	0	0.011401642	0.001355712	0.836982542
g__unclassified_Intrasporangiaceae	0	0	0	0	0	0	0	0	0	0	0	0	0	0	0	0	0	0	0	0	0	0	0	0	0	0	0.677160611	0	0	0	0	0	0	0	0	0	0	0	0	0	0	0	0	0	0	0	0	0	0	0	0	0	0	0	0	0	0	0	0.677160611
g__Variovorax	0	0.669903278	0	0	0	0	0	0	0	0	0	0	0	0	0	0	0	0	0	0	0	0	0	0	0	0	0	0	0	0	0	0	0	0	0	0	0	0	0	0	0	0	0	0	0	0	0	0	0	0	0	0	0	0	0	0	0	0	0.669903278
g__Niallia	0	0	0	0	0	0	0	0	0	0	0	0	0	0	0.006865303	0	0	0	0	0	0	0.578708276	0	0	0	0	0	0	0	0	0	0	0	0	0	0	0	0	0	0	0	0	0	0	0	0	0	0	0	0	0	0	0	0	0	0	0	0	0.585573578
g__Acidovorax	0	0	0	0	0	0	0	0	0	0	0	0	0	0	0	0	0	0	0	0	0	0	0	0	0	0	0.514285077	0	0	0	0	0	0	0	0	0	0	0	0	0	0	0	0	0	0	0	0	0	0	0	0	0	0	0	0	0	0	0	0.514285077
g__Schaedlerella	0	0	0	0	0	0	0	0	0	0	0.030674847	0.111840143	0.096210156	0.003688676	0	0	0	0	0	0	0	0	0	0	0	0	0	0	0	0	0.030762037	0	0	0	0	0	0.001229695	0	0	0	0	0	0	0.061589812	0	0	0	0	0.01701838	0.009381156	0	0	0	0	0.025634453	0.055721263	0.019002736	0.051517041	0.514270395
g__Tepidiphilus	0	0	0	0	0	0	0	0	0	0	0.007668712	0	0	0	0	0	0	0	0	0	0	0	0.44799899	0	0	0	0	0	0	0	0	0	0	0	0	0	0	0	0	0	0	0	0	0	0	0	0	0	0	0	0	0	0	0	0	0	0	0	0.455667702
g__Sphingomonas	0	0	0	0	0	0	0	0	0	0	0	0	0	0	0	0	0	0	0	0	0	0	0	0	0	0	0	0	0	0	0	0.397761273	0	0	0	0	0	0	0	0	0	0	0	0	0	0.02735758	0	0	0	0	0	0.003614284	0	0	0	0	0	0	0.428733136
g__Rothia	0	0	0	0	0	0	0	0.365267246	0	0	0	0	0	0	0	0	0	0	0	0.006222582	0	0	0	0	0	0	0	0	0	0	0	0	0.029444437	0	0	0	0	0	0	0	0	0	0	0	0	0	0	0	0	0	0	0	0	0	0	0	0	0	0.400934265
g__Brucella	0.377631549	0	0	0	0	0	0	0	0	0	0	0	0	0	0	0	0	0	0	0	0	0	0	0	0	0	0	0	0	0	0	0	0	0	0	0	0	0	0	0	0.00110273	0	0	0	0	0	0	0	0	0	0	0	0	0	0	0	0	0	0.37873428
g__Anoxybacillus	0	0	0.113587192	0	0	0	0	0	0	0	0	0	0	0	0	0	0	0	0	0	0	0	0	0.207370675	0	0	0	0	0	0	0	0	0	0	0	0	0	0	0	0	0	0	0.001773364	0.023841217	0	0	0	0	0	0	0	0	0	0	0	0	0	0	0.346572448
g__Sporofaciens	0	0	0	0	0	0	0	0	0	0	0.011503067	0.082016105	0.071111855	0.011066027	0	0	0	0	0	0	0	0	0	0	0	0.005418292	0	0	0	0	0	0	0	0	0	0	0	0	0	0	0	0	0	0.021854449	0	0	0	0	0.004254595	0	0	0	0	0	0.03417927	0.042610377	0	0.027114232	0.311128271
g__Hymenobacter	0	0	0	0	0	0	0	0	0	0	0	0	0	0	0	0	0	0	0	0	0	0	0	0	0	0	0	0	0	0	0	0.281600901	0	0	0	0	0	0	0	0	0	0	0	0	0	0	0	0	0	0	0	0	0	0	0	0	0	0	0.281600901
g__Latilactobacillus	0	0	0.270445695	0	0	0	0	0	0	0	0	0	0	0	0	0	0	0	0	0	0	0	0	0	0	0	0	0	0	0	0	0	0	0	0	0	0	0	0	0	0	0	0	0	0	0	0	0	0	0	0	0	0	0	0	0	0	0	0.270445695
g__Ruminococcus	0	0	0	0	0	0	0	0	0	0	0	0	0	0	0	0	0	0	0	0	0	0	0	0	0	0	0	0	0	0	0.185802705	0	0	0	0	0	0	0	0	0	0	0	0	0	0	0	0	0	0.00850919	0	0	0	0	0	0.042724088	0	0.030404378	0	0.267440361
g__Moraxella	0.113063338	0	0	0	0	0	0	0	0	0	0	0	0	0	0	0	0	0	0	0.098005663	0	0	0	0	0	0	0	0	0	0	0	0	0	0	0	0	0	0	0.001049825	0.03636713	0	0	0	0	0	0	0	0	0	0	0	0	0	0	0	0	0	0	0.248485955
g__unclassified_Microbacteriaceae	0	0	0	0	0	0	0	0	0	0	0	0	0	0	0	0	0	0	0	0	0	0	0	0	0.205860983	0	0	0	0	0	0	0	0	0	0	0	0	0	0	0	0	0	0	0	0	0	0	0	0	0	0	0	0	0	0	0	0	0	0.205860983
g__unclassified_Weeksellaceae	0	0	0	0	0	0	0	0	0	0	0	0	0	0	0.006865303	0	0	0	0	0.0342242	0.114678899	0	0	0	0	0	0	0	0	0	0	0	0	0	0	0	0	0	0	0	0	0	0	0	0	0.048278082	0	0	0	0	0	0	0	0	0	0	0	0	0.204046483
g__Selenomonas	0	0	0	0	0	0	0	0	0.182372404	0	0	0	0	0	0	0	0	0	0	0	0	0	0	0	0	0	0	0	0	0	0	0	0	0	0	0	0	0	0	0	0	0	0	0	0	0	0	0	0	0	0	0	0	0	0	0	0	0	0.182372404
g__Bacillus	0	0	0	0	0	0	0	0	0	0	0	0	0	0	0	0	0	0	0	0	0	0	0.017352074	0	0.004843788	0	0	0	0	0	0	0.080960259	0	0	0	0	0	0	0	0	0	0	0.023053733	0	0	0.032185388	0	0	0	0	0	0	0	0	0	0	0.019002736	0	0.177397978
g__Gemella	0	0	0	0	0	0	0	0	0	0	0	0	0	0	0	0	0	0	0	0	0	0	0	0	0.150157423	0	0	0	0	0	0	0	0	0	0.024492224	0	0	0	0	0	0	0	0	0	0	0	0	0	0	0	0	0	0	0	0	0	0	0	0.174649647
g__Oribacterium	0	0	0	0	0	0	0	0.172615745	0	0	0	0	0	0	0	0	0	0	0	0	0	0	0	0	0	0	0	0	0	0	0	0	0	0	0	0	0	0	0	0	0	0	0	0	0	0	0	0	0	0	0	0	0	0	0	0	0	0	0.172615745
g__Tahibacter	0	0	0	0	0	0	0	0	0	0	0	0	0	0	0	0	0	0	0	0	0.167296276	0	0	0	0	0	0	0	0	0	0	0	0	0	0	0	0	0	0	0	0	0	0	0	0	0	0	0	0	0	0	0	0	0	0	0	0	0	0.167296276
g__Flaviflexus	0	0	0.162267417	0	0	0	0	0	0	0	0	0	0	0	0	0	0	0	0	0	0	0	0	0	0	0	0	0	0	0	0	0	0	0	0	0	0	0	0	0	0	0	0	0	0	0	0	0	0	0	0	0	0	0	0	0	0	0	0.162267417
g__Alcaligenes	0.018090134	0	0	0	0	0	0	0	0	0	0	0	0	0	0	0	0	0	0	0	0	0	0	0.132987716	0	0	0	0	0	0	0	0	0	0	0	0	0	0	0	0	0	0	0	0	0	0	0	0	0	0	0	0	0	0	0	0	0	0	0.15107785
g__Veillonella	0	0	0	0	0	0.010427529	0	0	0	0	0.003834356	0	0	0	0	0	0	0	0	0	0	0	0	0	0	0	0	0	0	0	0	0.121440389	0	0	0	0	0	0	0	0	0	0	0	0	0	0	0	0	0	0	0	0	0	0	0	0	0	0	0.135702273
g__Pantoea	0	0	0	0	0	0	0	0	0	0	0	0	0	0	0	0	0	0	0	0	0	0	0	0	0.108985226	0	0	0	0	0	0	0	0	0	0	0	0	0	0.007348773	0	0	0	0	0	0	0	0	0	0	0	0	0	0	0	0	0	0	0	0.116333999
g__Leuconostoc	0	0	0	0	0	0	0	0	0	0	0	0	0	0	0	0	0	0	0	0	0	0	0	0	0.113829014	0	0	0	0	0	0	0	0	0	0	0	0	0	0	0	0	0	0	0	0	0	0	0	0	0	0	0	0	0	0	0	0	0	0.113829014
g__Angustibacter	0	0	0	0	0	0	0	0	0	0	0	0	0	0	0	0	0	0	0	0	0	0	0	0	0	0	0.113789757	0	0	0	0	0	0	0	0	0	0	0	0	0	0	0	0	0	0	0	0	0	0	0	0	0	0	0	0	0	0	0	0.113789757
g__Acutalibacter	0	0	0	0	0	0	0	0	0	0	0	0.029824038	0.00418305	0.003688676	0	0	0	0	0	0	0	0	0	0	0	0	0	0	0	0	0	0	0	0	0	0	0	0	0	0	0	0	0	0.003973536	0	0	0	0	0.004254595	0.046905782	0	0	0	0	0	0.003277721	0	0.010845693	0.106953092
g__Clostridium	0	0	0	0	0	0	0	0	0	0	0	0	0	0	0	0	0	0	0	0	0	0	0	0	0	0	0	0	0	0	0	0	0	0	0	0	0	0	0	0	0	0	0.028373825	0.03178829	0	0.038622465	0	0	0	0	0	0	0	0	0	0	0	0	0.098784581
g__Caballeronia	0.09045067	0	0	0	0	0	0	0	0	0	0	0	0	0	0	0	0	0	0	0	0	0	0	0	0	0	0	0	0	0	0	0	0	0	0	0	0	0	0	0	0	0	0	0	0	0	0	0	0	0	0	0	0	0	0	0	0	0	0.09045067
g__unclassified_Erysipelotrichaceae	0	0	0	0	0	0	0	0	0	0	0	0	0	0	0	0	0	0	0	0	0	0	0	0	0	0	0	0	0	0	0	0	0	0	0	0	0	0	0	0	0	0	0	0.079470725	0	0.006437078	0	0	0	0	0	0	0	0	0	0	0	0	0.085907803
g__unclassified_Eggerthellaceae	0	0	0	0	0	0	0	0	0	0	0	0	0	0.018443379	0	0	0	0	0	0	0	0	0	0	0	0	0	0	0	0	0	0	0	0	0	0	0	0	0	0	0	0	0	0	0	0	0	0.015405947	0.00850919	0	0	0.007228567	0	0	0	0.013110885	0.011401642	0.002711423	0.076811033
g__Janibacter	0	0	0	0	0	0	0	0	0	0	0	0	0	0	0	0	0	0	0	0	0	0	0	0	0	0	0.07251308	0	0	0	0	0	0	0	0	0	0	0	0	0	0	0	0	0	0	0	0	0	0	0	0	0	0	0	0	0	0	0	0.07251308
g__Modestobacter	0	0	0	0	0	0	0	0	0	0	0	0	0	0	0	0	0	0	0	0	0	0	0	0	0	0	0	0	0	0	0	0.066880214	0	0	0	0	0	0	0	0	0	0	0	0	0	0.001609269	0	0	0	0	0	0	0	0	0	0	0	0	0.068489483
g__Adlercreutzia	0	0	0	0	0	0	0	0	0	0	0	0	0.00418305	0.003688676	0	0	0	0	0	0	0	0	0	0	0	0	0	0	0	0	0	0	0	0	0	0	0	0	0	0	0	0	0	0.007947072	0	0	0	0.030811893	0.004254595	0	0	0	0	0	0	0	0.011401642	0.001355712	0.06364264
g__Qipengyuania	0	0	0	0	0	0	0	0	0	0	0	0	0	0	0	0	0	0	0	0	0.060712358	0	0	0	0	0	0	0	0	0	0	0	0	0	0	0	0	0	0	0	0	0	0	0	0	0	0	0	0	0	0	0	0	0	0	0	0	0	0.060712358
g__Romboutsia	0	0	0	0	0	0	0	0	0	0	0	0	0	0	0	0	0	0	0	0	0	0	0	0	0	0	0	0	0	0	0	0	0	0	0	0	0	0	0	0	0	0	0.019507005	0.037748594	0	0	0	0	0	0	0	0	0	0	0	0	0	0	0.057255599
g__unclassified_Pseudomonadaceae	0	0	0	0	0	0	0	0	0	0	0	0	0	0	0	0	0	0	0	0	0	0	0	0	0	0	0.055779292	0	0	0	0	0	0	0	0	0	0	0	0	0	0	0	0	0	0	0	0	0	0	0	0	0	0	0	0	0	0	0	0.055779292
g__unclassified_Bacillaceae	0	0	0	0	0	0	0	0	0	0	0	0	0	0	0	0	0	0.004551506	0	0	0	0	0	0	0	0	0	0	0	0	0.044297334	0	0	0	0	0	0	0.00477458	0.001049825	0	0	0	0	0	0	0	0	0	0	0	0	0	0	0	0	0	0	0	0.054673244
g__unclassified_Acetobacteraceae	0	0	0	0	0	0	0	0	0	0	0	0	0	0	0	0	0	0	0	0	0	0	0	0	0	0	0	0	0	0	0	0	0	0	0	0	0	0	0	0	0	0	0	0	0	0.040231735	0	0	0	0	0	0	0	0	0	0	0	0	0.040231735
g__Pseudoalteromonas	0	0	0	0	0	0	0	0	0.039079801	0	0	0	0	0	0	0	0	0	0	0	0	0	0	0	0	0	0	0	0	0	0	0	0	0	0	0	0	0	0	0	0	0	0	0	0	0	0	0	0	0	0	0	0	0	0	0	0	0	0.039079801
g__Pedobacter	0	0	0	0	0	0	0	0	0	0	0	0	0	0	0	0	0	0	0	0	0	0	0	0	0	0	0	0	0	0	0	0	0	0	0.03848778	0	0	0	0	0	0	0	0	0	0	0	0	0	0	0	0	0	0	0	0	0	0	0	0.03848778
g__Fusobacterium	0	0	0	0	0	0	0	0	0	0	0.030674847	0	0	0	0	0	0	0	0	0	0	0	0	0	0	0	0	0	0	0	0	0	0	0	0	0	0	0	0	0	0	0	0	0	0	0	0	0	0	0	0	0	0	0	0	0	0	0	0.030674847
g__unclassified_Oscillospiraceae	0	0	0	0	0	0	0	0	0	0	0	0	0	0	0	0	0	0	0	0	0	0	0	0	0	0	0	0	0	0	0	0	0	0	0	0	0	0	0	0	0	0	0	0	0	0	0	0	0	0	0	0	0	0	0.004272409	0.026221771	0	0	0.030494179
g__Duncaniella	0	0	0	0	0	0	0	0	0	0	0	0	0.025098302	0	0	0	0	0	0	0	0	0	0	0	0	0	0	0	0	0	0	0	0	0	0	0	0	0	0	0	0	0	0	0	0	0	0	0	0	0	0	0	0	0	0	0.003277721	0	0	0.028376023
g__Ferruginibacter	0	0	0	0	0	0	0	0	0	0	0	0	0	0	0	0	0	0	0	0	0	0	0	0	0	0	0	0	0	0	0	0.026400084	0	0	0	0	0	0	0	0	0	0	0	0	0	0	0	0	0	0	0	0	0	0	0	0	0	0	0.026400084
g__Hydrogenophilus	0	0	0	0	0	0	0	0	0	0	0	0	0.012549151	0	0.013730606	0	0	0	0	0	0	0	0	0	0	0	0	0	0	0	0	0	0	0	0	0	0	0	0	0	0	0	0	0	0	0	0	0	0	0	0	0	0	0	0	0	0	0	0.026279756
g__Fenollaria	0	0	0	0	0	0	0	0	0	0	0	0	0	0	0	0	0	0	0	0	0	0	0	0	0	0	0	0	0	0	0	0	0	0	0	0	0	0	0	0	0	0	0	0.025827986	0	0	0	0	0	0	0	0	0	0	0	0	0	0	0.025827986
g__Deinococcus	0	0	0	0	0	0	0	0	0	0	0	0	0	0	0	0	0	0	0	0	0	0	0	0	0	0	0	0	0	0	0	0	0	0	0	0	0.025823588	0	0	0	0	0	0	0	0	0	0	0	0	0	0	0	0	0	0	0	0	0	0.025823588
g__Flavobacterium	0	0	0	0	0	0	0	0	0	0	0	0	0	0	0	0	0	0	0	0	0	0	0	0	0	0	0	0	0	0	0	0	0	0	0	0	0	0	0	0.021957512	0	0	0	0	0	0	0	0	0	0	0	0	0	0	0	0	0	0	0.021957512
g__Anaerotignum	0	0	0	0	0	0	0	0	0	0	0	0	0	0	0	0	0	0	0.017914726	0	0	0	0	0	0	0	0	0	0	0	0	0	0	0	0	0	0	0	0	0	0	0	0	0	0	0	0	0	0	0	0	0	0	0	0	0	0	0.002711423	0.020626149
g__Parabacteroides	0	0	0	0	0	0	0	0	0	0	0	0	0	0	0	0	0	0	0	0	0	0	0	0	0	0	0	0	0	0	0	0	0	0	0	0	0	0	0	0	0	0	0	0.015894145	0	0	0	0	0	0	0	0	0	0	0	0	0	0	0.015894145
g__Muribaculum	0	0	0	0	0	0	0	0	0	0	0	0	0.008366101	0	0	0	0	0	0	0	0	0	0	0	0	0	0	0	0	0	0	0	0	0	0	0	0	0	0	0	0	0	0	0	0	0	0	0	0	0	0	0	0	0	0	0.006555443	0	0	0.014921543
g__Flintibacter	0	0	0	0	0	0	0	0	0	0	0	0	0	0	0	0	0	0	0	0	0	0	0	0	0	0	0	0	0	0	0	0	0	0	0	0	0	0	0	0	0	0	0	0.001986768	0	0	0	0	0	0	0	0	0	0	0.012817226	0	0	0	0.014803994
g__Eisenbergiella	0	0	0	0	0	0	0	0	0	0	0	0	0	0	0	0	0	0	0	0	0	0	0	0	0	0	0	0	0	0	0	0	0	0	0	0	0	0	0	0	0	0	0	0.013907377	0	0	0	0	0	0	0	0	0	0	0	0	0	0	0.013907377
g__unclassified_Comamonadaceae	0	0	0	0	0	0	0	0	0	0	0	0	0	0	0	0	0	0	0	0	0.012142472	0	0	0	0	0	0	0	0	0	0	0	0	0	0	0	0	0	0	0	0	0	0	0	0	0	0	0	0	0	0	0	0	0	0	0	0	0	0.012142472
g__Bradyrhizobium	0	0	0	0	0	0	0	0	0	0	0	0	0	0	0	0	0	0	0	0	0	0	0	0	0	0	0	0	0	0	0	0	0	0	0	0	0	0.00954916	0	0	0	0	0	0	0	0	0	0	0	0	0	0	0	0	0	0	0	0	0.00954916
g__Caldimonas	0	0	0	0	0	0	0	0	0	0	0	0	0	0	0	0	0	0	0	0	0.009444145	0	0	0	0	0	0	0	0	0	0	0	0	0	0	0	0	0	0	0	0	0	0	0	0	0	0	0	0	0	0	0	0	0	0	0	0	0	0.009444145
g__Granulicatella	0	0	0	0	0	0	0	0	0	0	0.007668712	0	0	0	0	0	0	0	0	0	0	0	0	0	0	0	0	0	0	0	0	0	0	0	0	0	0	0	0	0	0	0	0	0	0	0	0	0	0	0	0	0	0	0	0	0	0	0	0.007668712
g__Psychrobacter	0	0	0	0	0	0	0	0	0	0	0	0.00745601	0	0	0	0	0	0	0	0	0	0	0	0	0	0	0	0	0	0	0	0	0	0	0	0	0	0	0	0	0	0	0	0	0	0	0	0	0	0	0	0	0	0	0	0	0	0	0.00745601
g__Paramuribaculum	0	0	0	0	0	0	0	0	0	0	0	0	0	0	0	0	0	0	0	0	0	0	0	0	0	0	0	0	0	0	0	0	0	0	0	0	0	0	0	0	0	0	0	0	0	0	0	0	0	0	0	0	0	0	0	0.006555443	0	0	0.006555443
g__Aerococcus	0	0	0	0	0	0	0	0	0	0	0	0	0	0	0	0	0	0	0.005971575	0	0	0	0	0	0	0	0	0	0	0	0	0	0	0	0	0	0	0	0	0	0	0	0	0	0	0	0	0	0	0	0	0	0	0	0	0	0	0	0.005971575
g__unclassified_Muribaculaceae	0	0	0	0	0	0	0	0	0	0	0	0	0.00418305	0	0	0	0	0	0	0	0	0	0	0	0	0	0	0	0	0	0	0	0	0	0	0	0	0	0	0	0	0	0	0	0	0	0	0	0	0	0	0	0	0	0	0	0	0	0.00418305
g__Neisseria	0	0	0	0	0	0	0	0	0	0	0.003834356	0	0	0	0	0	0	0	0	0	0	0	0	0	0	0	0	0	0	0	0	0	0	0	0	0	0	0	0	0	0	0	0	0	0	0	0	0	0	0	0	0	0	0	0	0	0	0	0.003834356
g__Bacteroides	0	0	0	0	0	0	0	0	0	0	0	0	0	0	0	0	0	0	0	0	0	0	0	0	0	0	0	0	0	0	0	0	0	0	0	0	0	0	0	0	0	0	0	0.001986768	0	0	0	0	0	0	0	0	0	0	0	0	0	0	0.001986768
g__Bosea	0	0	0	0	0	0	0	0	0	0	0	0	0	0	0	0	0	0	0	0	0	0	0	0	0	0	0	0	0	0	0	0	0	0	0	0	0	0	0	0	0	0	0	0	0	0	0	0	0	0	0	0	0	0.001593651	0	0	0	0	0.001593651
